Subject	Task	Condition	WPM	Accuracy	Errors	Time
1	1	Desktop	81.0	0.989362	1	13.22304
1	2	Desktop	62.0	0.979798	2	17.193138
1	3	Desktop	43.0	0.935185	7	20.450686
1	4	Desktop	55.0	0.991453	1	24.57585
1	5	Desktop	48.0	0.983607	2	28.009271
1	6	Desktop	41.0	0.966942	4	29.659356
1	7	Desktop	61.0	1.0	0	24.925882
1	8	Desktop	67.0	0.992537	1	23.042412
1	9	Desktop	53.0	0.963235	5	25.042521
1	10	Desktop	22.0	0.94958	6	48.701563
2	1	Desktop	36.0	0.968085	3	26.059374
2	2	Desktop	52.0	0.989899	1	21.593176
2	3	Desktop	31.0	0.953704	5	32.142967
2	4	Desktop	44.0	0.982906	2	29.115391
2	5	Desktop	1.0	0.803279	24	38.893298
2	6	Desktop	29.0	0.991736	1	48.775818
2	7	Desktop	25.0	0.936508	8	41.37521
2	8	Desktop	0.0	0.798507	27	46.567998
2	9	Desktop	28.0	0.963235	5	47.465925
2	10	Desktop	34.0	0.97479	3	36.226489
3	1	Desktop	42.0	1.0	0	26.542655
3	2	Desktop	40.0	0.979798	2	26.633819
3	3	Desktop	44.0	1.0	0	29.459503
3	4	Desktop	38.0	0.982906	2	33.974875
3	5	Desktop	54.0	0.991803	1	26.075925
3	6	Desktop	44.0	0.991736	1	31.631586
3	7	Desktop	37.0	1.0	0	40.616816
3	8	Desktop	46.0	0.992537	1	33.826124
3	9	Desktop	41.0	1.0	0	39.54144
3	10	Desktop	40.0	0.983193	2	32.709512
4	1	Desktop	31.0	0.989362	1	34.726146
4	2	Desktop	36.0	1.0	0	33.435184
4	3	Desktop	38.0	1.0	0	33.74278
4	4	Desktop	39.0	1.0	0	36.234524
4	5	Desktop	38.0	1.0	0	38.334606
4	6	Desktop	30.0	0.991736	1	45.701445
4	7	Desktop	40.0	1.0	0	38.034742
4	8	Desktop	29.0	0.940299	8	38.576334
4	9	Desktop	34.0	1.0	0	48.409943
4	10	Desktop	28.0	0.991597	1	48.951664
5	1	Desktop	29.0	0.989362	1	37.301236
5	2	Desktop	39.0	1.0	0	30.826083
5	3	Desktop	38.0	1.0	0	34.043464
5	4	Desktop	34.0	1.0	0	40.951369
5	5	Desktop	29.0	0.991803	1	48.735207
5	6	Desktop	30.0	1.0	0	48.283402
5	7	Desktop	33.0	1.0	0	46.259688
5	8	Desktop	34.0	1.0	0	46.868261
5	9	Desktop	29.0	0.992647	1	53.960105
5	10	Desktop	33.0	1.0	0	43.80151
6	1	Desktop	40.0	0.978723	2	25.375777
6	2	Desktop	39.0	0.979798	2	27.709276
6	3	Desktop	26.0	0.990741	1	48.118583
6	4	Desktop	38.0	1.0	0	36.63453
6	5	Desktop	31.0	0.991803	1	45.577366
6	6	Desktop	32.0	1.0	0	44.959895
6	7	Desktop	32.0	1.0	0	46.943196
6	8	Desktop	36.0	1.0	0	44.83478
6	9	Desktop	35.0	1.0	0	46.526512
6	10	Desktop	35.0	1.0	0	40.368086
7	1	Desktop	0.0	0.340426	62	42.738482
7	2	Desktop	34.0	0.969697	3	29.850939
7	3	Desktop	42.0	0.990741	1	29.259318
7	4	Desktop	45.0	1.0	0	30.892732
7	5	Desktop	38.0	0.967213	4	32.601117
7	6	Desktop	23.0	0.917355	10	37.701449
7	7	Desktop	34.0	0.968254	4	37.026256
7	8	Desktop	32.0	0.985075	2	46.451584
7	9	Desktop	35.0	1.0	0	46.676664
7	10	Desktop	34.0	1.0	0	42.559748
8	1	Desktop	81.0	1.0	0	13.917175
8	2	Desktop	99.0	1.0	0	12.050409
8	3	Desktop	99.0	1.0	0	13.150366
8	4	Desktop	89.0	1.0	0	15.833855
8	5	Desktop	73.0	1.0	0	20.009097
8	6	Desktop	93.0	1.0	0	15.658808
8	7	Desktop	85.0	1.0	0	17.81724
8	8	Desktop	77.0	1.0	0	20.850696
8	9	Desktop	76.0	1.0	0	21.534004
8	10	Desktop	73.0	1.0	0	19.44231
9	1	Desktop	44.0	0.989362	1	24.142423
9	2	Desktop	45.0	0.989899	1	24.967544
9	3	Desktop	57.0	0.990741	1	21.558966
9	4	Desktop	47.0	1.0	0	29.667586
9	5	Desktop	55.0	1.0	0	26.860428
9	6	Desktop	46.0	1.0	0	31.301021
9	7	Desktop	46.0	0.992063	1	31.592781
9	8	Desktop	41.0	1.0	0	39.201172
9	9	Desktop	45.0	1.0	0	36.567828
9	10	Desktop	39.0	0.991597	1	34.812468
10	1	Desktop	65.0	0.989362	1	16.367154
10	2	Desktop	40.0	0.959596	4	23.692398
10	3	Desktop	34.0	0.944444	6	27.88434
10	4	Desktop	50.0	0.991453	1	26.67581
10	5	Desktop	55.0	0.991803	1	25.384103
10	6	Desktop	46.0	0.991736	1	30.295361
10	7	Desktop	59.0	1.0	0	25.584251
10	8	Desktop	47.0	1.0	0	34.3678
10	9	Desktop	39.0	0.992647	1	40.018021
10	10	Desktop	55.0	1.0	0	26.142491
11	1	Desktop	50.0	1.0	0	22.567382
11	2	Desktop	55.0	1.0	0	21.643329
11	3	Desktop	61.0	1.0	0	21.109033
11	4	Desktop	54.0	1.0	0	25.851143
11	5	Desktop	60.0	1.0	0	24.600866
11	6	Desktop	52.0	1.0	0	28.059181
11	7	Desktop	58.0	1.0	0	26.076087
11	8	Desktop	60.0	1.0	0	26.609146
11	9	Desktop	69.0	1.0	0	23.675753
11	10	Desktop	55.0	1.0	0	25.921308
12	1	Desktop	46.0	0.93617	6	16.650577
12	2	Desktop	55.0	1.0	0	21.492431
12	3	Desktop	73.0	1.0	0	17.700634
12	4	Desktop	45.0	0.991453	1	30.102823
12	5	Desktop	46.0	0.991803	1	30.64272
12	6	Desktop	39.0	1.0	0	36.909575
12	7	Desktop	45.0	0.992063	1	32.601025
12	8	Desktop	49.0	1.0	0	32.813167
12	9	Desktop	49.0	1.0	0	33.500109
12	10	Desktop	39.0	0.991597	1	34.859489
1	1	VR_Handless	46.0	0.942308	6	19.407436
1	2	VR_Handless	72.0	1.0	0	17.873979
1	3	VR_Handless	43.0	0.991071	1	29.556127
1	4	VR_Handless	46.0	0.991525	1	29.653345
1	5	VR_Handless	51.0	1.0	0	30.09975
1	6	VR_Handless	63.0	1.0	0	24.307626
1	7	VR_Handless	66.0	1.0	0	22.985647
1	8	VR_Handless	42.0	0.94697	7	27.551048
1	9	VR_Handless	18.0	1.0	0	96.42493
1	10	VR_Handless	32.0	1.0	0	45.508562
1	1	VR_Handless	46.0	0.942308	6	19.407436
1	2	VR_Handless	72.0	1.0	0	17.873979
1	3	VR_Handless	43.0	0.991071	1	29.556127
1	4	VR_Handless	46.0	0.991525	1	29.653345
1	5	VR_Handless	51.0	1.0	0	30.09975
1	6	VR_Handless	63.0	1.0	0	24.307626
1	7	VR_Handless	66.0	1.0	0	22.985647
1	8	VR_Handless	42.0	0.94697	7	27.551048
1	9	VR_Handless	18.0	1.0	0	96.42493
1	10	VR_Handless	32.0	1.0	0	45.508562
2	1	VR_Handless	0.0	0.115385	92	68.456388
2	2	VR_Handless	0.0	0.046729	102	63.749632
2	3	VR_Handless	0.0	0.089286	102	97.510227
2	4	VR_Handless	0.0	0.084746	108	63.19226
2	5	VR_Handless	0.0	0.070866	118	48.003076
2	6	VR_Handless	0.0	0.062992	119	44.453724
2	7	VR_Handless	0.0	0.055556	119	57.28786
2	8	VR_Handless	0.0	0.037879	127	43.368157
2	9	VR_Handless	0.0	0.021127	139	62.88496
2	10	VR_Handless	0.0	0.033333	116	40.29062
2	1	VR_Handless	0.0	0.115385	92	68.456388
2	2	VR_Handless	0.0	0.046729	102	63.749632
2	3	VR_Handless	0.0	0.089286	102	97.510227
2	4	VR_Handless	0.0	0.084746	108	63.19226
2	5	VR_Handless	0.0	0.070866	118	48.003076
2	6	VR_Handless	0.0	0.062992	119	44.453724
2	7	VR_Handless	0.0	0.055556	119	57.28786
2	8	VR_Handless	0.0	0.037879	127	43.368157
2	9	VR_Handless	0.0	0.021127	139	62.88496
2	10	VR_Handless	0.0	0.033333	116	40.29062
3	1	VR_Handless	0.0	0.740385	27	201.33723
3	2	VR_Handless	0.0	0.588785	44	167.900185
3	3	VR_Handless	0.0	0.705357	33	82.945281
3	4	VR_Handless	0.0	0.483051	61	52.430648
3	5	VR_Handless	0.0	0.503937	63	57.455888
3	6	VR_Handless	0.0	0.566929	55	59.850818
3	7	VR_Handless	0.0	0.555556	56	48.809873
3	8	VR_Handless	0.0	0.492424	67	50.60658
3	9	VR_Handless	0.0	0.528169	67	55.451105
3	10	VR_Handless	0.0	0.516667	58	44.049546
3	1	VR_Handless	0.0	0.740385	27	201.33723
3	2	VR_Handless	0.0	0.588785	44	167.900185
3	3	VR_Handless	0.0	0.705357	33	82.945281
3	4	VR_Handless	0.0	0.483051	61	52.430648
3	5	VR_Handless	0.0	0.503937	63	57.455888
3	6	VR_Handless	0.0	0.566929	55	59.850818
3	7	VR_Handless	0.0	0.555556	56	48.809873
3	8	VR_Handless	0.0	0.492424	67	50.60658
3	9	VR_Handless	0.0	0.528169	67	55.451105
3	10	VR_Handless	0.0	0.516667	58	44.049546
4	1	VR_Handless	0.0	0.798077	21	155.691865
4	2	VR_Handless	0.0	0.691589	33	91.935072
4	3	VR_Handless	0.0	0.598214	45	79.406482
4	4	VR_Handless	0.0	0.533898	55	135.53514
4	5	VR_Handless	0.0	0.771654	29	74.352137
4	6	VR_Handless	0.0	0.755906	31	94.998781
4	7	VR_Handless	2.0	0.81746	23	62.964546
4	8	VR_Handless	24.0	0.977273	3	58.872775
4	9	VR_Handless	11.0	0.915493	12	85.894287
4	10	VR_Handless	0.0	0.683333	38	48.320398
4	11	VR_Handless	0.0	0.0	0	0.0
4	1	VR_Handless	30.0	0.990385	1	39.735552
4	2	VR_Handless	29.0	0.990654	1	42.689064
4	3	VR_Handless	27.0	1.0	0	49.454976
4	4	VR_Handless	30.0	0.991525	1	45.054853
4	5	VR_Handless	29.0	0.992126	1	51.30668
4	6	VR_Handless	24.0	0.992126	1	60.509331
4	7	VR_Handless	34.0	1.0	0	43.857678
4	8	VR_Handless	27.0	0.992424	1	57.307097
4	9	VR_Handless	37.0	0.992958	1	44.17803
4	10	VR_Handless	29.0	0.991667	1	47.004495
5	1	VR_Handless	30.0	0.990385	1	39.735552
5	2	VR_Handless	29.0	0.990654	1	42.689064
5	3	VR_Handless	27.0	1.0	0	49.454976
5	4	VR_Handless	30.0	0.991525	1	45.054853
5	5	VR_Handless	29.0	0.992126	1	51.30668
5	6	VR_Handless	24.0	0.992126	1	60.509331
5	7	VR_Handless	34.0	1.0	0	43.857678
5	8	VR_Handless	27.0	0.992424	1	57.307097
5	9	VR_Handless	37.0	0.992958	1	44.17803
5	10	VR_Handless	29.0	0.991667	1	47.004495
5	1	VR_Handless	17.0	1.0	0	71.643586
5	2	VR_Handless	15.0	0.990654	1	79.717052
5	3	VR_Handless	19.0	1.0	0	70.782205
5	4	VR_Handless	31.0	0.991525	1	43.883029
5	5	VR_Handless	14.0	0.992126	1	104.805359
5	6	VR_Handless	19.0	1.0	0	80.259809
5	7	VR_Handless	18.0	1.0	0	84.367675
5	8	VR_Handless	18.0	0.992424	1	86.415473
5	9	VR_Handless	16.0	0.992958	1	101.381982
5	10	VR_Handless	25.0	0.983333	2	52.456265
6	1	VR_Handless	17.0	1.0	0	71.643586
6	2	VR_Handless	15.0	0.990654	1	79.717052
6	3	VR_Handless	19.0	1.0	0	70.782205
6	4	VR_Handless	31.0	0.991525	1	43.883029
6	5	VR_Handless	14.0	0.992126	1	104.805359
6	6	VR_Handless	19.0	1.0	0	80.259809
6	7	VR_Handless	18.0	1.0	0	84.367675
6	8	VR_Handless	18.0	0.992424	1	86.415473
6	9	VR_Handless	16.0	0.992958	1	101.381982
6	10	VR_Handless	25.0	0.983333	2	52.456265
6	1	VR_Handless	21.0	0.971154	3	51.467294
6	2	VR_Handless	0.0	0.757009	26	75.236424
6	3	VR_Handless	0.0	0.580357	47	66.615844
6	4	VR_Handless	0.0	0.635593	43	39.273344
6	5	VR_Handless	0.0	0.425197	73	48.768702
6	6	VR_Handless	0.0	0.669291	42	55.184863
6	7	VR_Handless	0.0	0.65873	43	40.719962
6	8	VR_Handless	0.0	0.659091	45	47.795904
6	9	VR_Handless	0.0	0.697183	43	50.473886
6	10	VR_Handless	0.0	0.533333	56	37.175694
7	1	VR_Handless	21.0	0.971154	3	51.467294
7	2	VR_Handless	0.0	0.757009	26	75.236424
7	3	VR_Handless	0.0	0.580357	47	66.615844
7	4	VR_Handless	0.0	0.635593	43	39.273344
7	5	VR_Handless	0.0	0.425197	73	48.768702
7	6	VR_Handless	0.0	0.669291	42	55.184863
7	7	VR_Handless	0.0	0.65873	43	40.719962
7	8	VR_Handless	0.0	0.659091	45	47.795904
7	9	VR_Handless	0.0	0.697183	43	50.473886
7	10	VR_Handless	0.0	0.533333	56	37.175694
7	1	VR_Handless	75.0	1.0	0	16.677699
7	2	VR_Handless	75.0	0.990654	1	16.426527
7	3	VR_Handless	93.0	1.0	0	14.395169
7	4	VR_Handless	89.0	1.0	0	15.981742
7	5	VR_Handless	80.0	1.0	0	19.156453
7	6	VR_Handless	71.0	1.0	0	21.466855
7	7	VR_Handless	90.0	1.0	0	16.748348
7	8	VR_Handless	83.0	1.0	0	19.114254
7	9	VR_Handless	72.0	1.0	0	23.778817
7	10	VR_Handless	79.0	1.0	0	18.334332
8	1	VR_Handless	75.0	1.0	0	16.677699
8	2	VR_Handless	75.0	0.990654	1	16.426527
8	3	VR_Handless	93.0	1.0	0	14.395169
8	4	VR_Handless	89.0	1.0	0	15.981742
8	5	VR_Handless	80.0	1.0	0	19.156453
8	6	VR_Handless	71.0	1.0	0	21.466855
8	7	VR_Handless	90.0	1.0	0	16.748348
8	8	VR_Handless	83.0	1.0	0	19.114254
8	9	VR_Handless	72.0	1.0	0	23.778817
8	10	VR_Handless	79.0	1.0	0	18.334332
8	1	VR_Handless	49.0	0.989796	1	22.956713
8	2	VR_Handless	51.0	1.0	0	26.619322
8	3	VR_Handless	48.0	1.0	0	29.236417
8	4	VR_Handless	49.0	1.0	0	28.150727
8	5	VR_Handless	49.0	1.0	0	29.626312
8	6	VR_Handless	32.0	0.992126	1	46.025521
8	7	VR_Handless	50.0	0.992481	1	30.684178
8	8	VR_Handless	41.0	1.0	0	37.01907
8	9	VR_Handless	33.0	1.0	0	50.635054
9	1	VR_Handless	49.0	0.989796	1	22.956713
9	2	VR_Handless	51.0	1.0	0	26.619322
9	3	VR_Handless	48.0	1.0	0	29.236417
9	4	VR_Handless	49.0	1.0	0	28.150727
9	5	VR_Handless	49.0	1.0	0	29.626312
9	6	VR_Handless	32.0	0.992126	1	46.025521
9	7	VR_Handless	50.0	0.992481	1	30.684178
9	8	VR_Handless	41.0	1.0	0	37.01907
9	9	VR_Handless	33.0	1.0	0	50.635054
9	10	VR_Handless	49.0	1.0	0	29.765121
9	1	VR_Handless	11.0	0.980769	2	99.095578
9	2	VR_Handless	45.0	0.971963	3	24.488793
9	3	VR_Handless	47.0	0.991071	1	27.217048
9	4	VR_Handless	49.0	1.0	0	28.860774
9	5	VR_Handless	54.0	1.0	0	28.094595
9	6	VR_Handless	41.0	0.976378	3	32.716935
9	7	VR_Handless	4.0	0.81746	23	31.700274
9	8	VR_Handless	3.0	0.818182	24	45.441716
9	9	VR_Handless	0.0	0.619718	54	39.162433
9	10	VR_Handless	33.0	0.983333	2	40.081687
10	1	VR_Handless	11.0	0.980769	2	99.095578
10	2	VR_Handless	45.0	0.971963	3	24.488793
10	3	VR_Handless	47.0	0.991071	1	27.217048
10	4	VR_Handless	49.0	1.0	0	28.860774
10	5	VR_Handless	54.0	1.0	0	28.094595
10	6	VR_Handless	41.0	0.976378	3	32.716935
10	7	VR_Handless	4.0	0.81746	23	31.700274
10	8	VR_Handless	3.0	0.818182	24	45.441716
10	9	VR_Handless	0.0	0.619718	54	39.162433
10	10	VR_Handless	33.0	0.983333	2	40.081687
10	1	VR_Handless	46.0	0.989796	1	24.361149
10	2	VR_Handless	52.0	0.991228	1	25.031021
10	3	VR_Handless	53.0	1.0	0	26.131281
10	4	VR_Handless	63.0	1.0	0	22.133226
10	5	VR_Handless	58.0	1.0	0	25.198283
10	6	VR_Handless	52.0	1.0	0	29.194401
10	7	VR_Handless	50.0	1.0	0	31.783906
10	8	VR_Handless	61.0	1.0	0	25.211536
10	9	VR_Handless	53.0	1.0	0	31.686895
10	10	VR_Handless	55.0	0.983471	2	24.042644
11	1	VR_Handless	46.0	0.989796	1	24.361149
11	2	VR_Handless	52.0	0.991228	1	25.031021
11	3	VR_Handless	53.0	1.0	0	26.131281
11	4	VR_Handless	63.0	1.0	0	22.133226
11	5	VR_Handless	58.0	1.0	0	25.198283
11	6	VR_Handless	52.0	1.0	0	29.194401
11	7	VR_Handless	50.0	1.0	0	31.783906
11	8	VR_Handless	61.0	1.0	0	25.211536
11	9	VR_Handless	53.0	1.0	0	31.686895
11	10	VR_Handless	55.0	0.983471	2	24.042644
11	1	VR_Handless	17.0	1.0	0	67.207327
11	2	VR_Handless	0.0	0.692982	35	56.931198
11	3	VR_Handless	2.0	0.810345	22	36.032908
11	4	VR_Handless	14.0	0.862069	16	30.783261
11	5	VR_Handless	58.0	0.991803	1	24.30984
11	6	VR_Handless	27.0	0.984252	2	51.126374
11	7	VR_Handless	39.0	0.984962	2	37.787321
11	8	VR_Handless	32.0	0.9375	8	32.66317
11	9	VR_Handless	47.0	0.985714	2	33.039576
11	10	VR_Handless	59.0	0.991736	1	23.544082
12	1	VR_Handless	17.0	1.0	0	67.207327
12	2	VR_Handless	0.0	0.692982	35	56.931198
12	3	VR_Handless	2.0	0.810345	22	36.032908
12	4	VR_Handless	14.0	0.862069	16	30.783261
12	5	VR_Handless	58.0	0.991803	1	24.30984
12	6	VR_Handless	27.0	0.984252	2	51.126374
12	7	VR_Handless	39.0	0.984962	2	37.787321
12	8	VR_Handless	32.0	0.9375	8	32.66317
12	9	VR_Handless	47.0	0.985714	2	33.039576
12	10	VR_Handless	59.0	0.991736	1	23.544082
12	1	VR_Handless	0.0	0.295918	69	177.871258
12	2	VR_Handless	0.0	0.22807	88	167.069336
12	3	VR_Handless	0.0	0.344828	76	208.167867
12	4	VR_Handless	0.0	0.318966	79	126.416637
12	5	VR_Handless	0.0	0.47541	64	179.858056
12	6	VR_Handless	0.0	0.125984	111	97.759663
12	7	VR_Handless	0.0	0.112782	118	151.102585
12	8	VR_Handless	0.0	0.210938	101	162.723556
1	1	VR_Hands	46.0	0.942308	6	19.407436
1	2	VR_Hands	72.0	1.0	0	17.873979
1	3	VR_Hands	43.0	0.991071	1	29.556127
1	4	VR_Hands	46.0	0.991525	1	29.653345
1	5	VR_Hands	51.0	1.0	0	30.09975
1	6	VR_Hands	63.0	1.0	0	24.307626
1	7	VR_Hands	66.0	1.0	0	22.985647
1	8	VR_Hands	42.0	0.94697	7	27.551048
1	9	VR_Hands	18.0	1.0	0	96.42493
1	10	VR_Hands	32.0	1.0	0	45.508562
1	1	VR_Hands	46.0	0.942308	6	19.407436
1	2	VR_Hands	72.0	1.0	0	17.873979
1	3	VR_Hands	43.0	0.991071	1	29.556127
1	4	VR_Hands	46.0	0.991525	1	29.653345
1	5	VR_Hands	51.0	1.0	0	30.09975
1	6	VR_Hands	63.0	1.0	0	24.307626
1	7	VR_Hands	66.0	1.0	0	22.985647
1	8	VR_Hands	42.0	0.94697	7	27.551048
1	9	VR_Hands	18.0	1.0	0	96.42493
1	10	VR_Hands	32.0	1.0	0	45.508562
2	1	VR_Hands	0.0	0.115385	92	68.456388
2	2	VR_Hands	0.0	0.046729	102	63.749632
2	3	VR_Hands	0.0	0.089286	102	97.510227
2	4	VR_Hands	0.0	0.084746	108	63.19226
2	5	VR_Hands	0.0	0.070866	118	48.003076
2	6	VR_Hands	0.0	0.062992	119	44.453724
2	7	VR_Hands	0.0	0.055556	119	57.28786
2	8	VR_Hands	0.0	0.037879	127	43.368157
2	9	VR_Hands	0.0	0.021127	139	62.88496
2	10	VR_Hands	0.0	0.033333	116	40.29062
2	1	VR_Hands	0.0	0.115385	92	68.456388
2	2	VR_Hands	0.0	0.046729	102	63.749632
2	3	VR_Hands	0.0	0.089286	102	97.510227
2	4	VR_Hands	0.0	0.084746	108	63.19226
2	5	VR_Hands	0.0	0.070866	118	48.003076
2	6	VR_Hands	0.0	0.062992	119	44.453724
2	7	VR_Hands	0.0	0.055556	119	57.28786
2	8	VR_Hands	0.0	0.037879	127	43.368157
2	9	VR_Hands	0.0	0.021127	139	62.88496
2	10	VR_Hands	0.0	0.033333	116	40.29062
3	1	VR_Hands	0.0	0.740385	27	201.33723
3	2	VR_Hands	0.0	0.588785	44	167.900185
3	3	VR_Hands	0.0	0.705357	33	82.945281
3	4	VR_Hands	0.0	0.483051	61	52.430648
3	5	VR_Hands	0.0	0.503937	63	57.455888
3	6	VR_Hands	0.0	0.566929	55	59.850818
3	7	VR_Hands	0.0	0.555556	56	48.809873
3	8	VR_Hands	0.0	0.492424	67	50.60658
3	9	VR_Hands	0.0	0.528169	67	55.451105
3	10	VR_Hands	0.0	0.516667	58	44.049546
3	1	VR_Hands	0.0	0.740385	27	201.33723
3	2	VR_Hands	0.0	0.588785	44	167.900185
3	3	VR_Hands	0.0	0.705357	33	82.945281
3	4	VR_Hands	0.0	0.483051	61	52.430648
3	5	VR_Hands	0.0	0.503937	63	57.455888
3	6	VR_Hands	0.0	0.566929	55	59.850818
3	7	VR_Hands	0.0	0.555556	56	48.809873
3	8	VR_Hands	0.0	0.492424	67	50.60658
3	9	VR_Hands	0.0	0.528169	67	55.451105
3	10	VR_Hands	0.0	0.516667	58	44.049546
4	1	VR_Hands	0.0	0.798077	21	155.691865
4	2	VR_Hands	0.0	0.691589	33	91.935072
4	3	VR_Hands	0.0	0.598214	45	79.406482
4	4	VR_Hands	0.0	0.533898	55	135.53514
4	5	VR_Hands	0.0	0.771654	29	74.352137
4	6	VR_Hands	0.0	0.755906	31	94.998781
4	7	VR_Hands	2.0	0.81746	23	62.964546
4	8	VR_Hands	24.0	0.977273	3	58.872775
4	9	VR_Hands	11.0	0.915493	12	85.894287
4	10	VR_Hands	0.0	0.683333	38	48.320398
4	11	VR_Hands	0.0	0.0	0	0.0
4	1	VR_Hands	30.0	0.990385	1	39.735552
4	2	VR_Hands	29.0	0.990654	1	42.689064
4	3	VR_Hands	27.0	1.0	0	49.454976
4	4	VR_Hands	30.0	0.991525	1	45.054853
4	5	VR_Hands	29.0	0.992126	1	51.30668
4	6	VR_Hands	24.0	0.992126	1	60.509331
4	7	VR_Hands	34.0	1.0	0	43.857678
4	8	VR_Hands	27.0	0.992424	1	57.307097
4	9	VR_Hands	37.0	0.992958	1	44.17803
4	10	VR_Hands	29.0	0.991667	1	47.004495
5	1	VR_Hands	30.0	0.990385	1	39.735552
5	2	VR_Hands	29.0	0.990654	1	42.689064
5	3	VR_Hands	27.0	1.0	0	49.454976
5	4	VR_Hands	30.0	0.991525	1	45.054853
5	5	VR_Hands	29.0	0.992126	1	51.30668
5	6	VR_Hands	24.0	0.992126	1	60.509331
5	7	VR_Hands	34.0	1.0	0	43.857678
5	8	VR_Hands	27.0	0.992424	1	57.307097
5	9	VR_Hands	37.0	0.992958	1	44.17803
5	10	VR_Hands	29.0	0.991667	1	47.004495
5	1	VR_Hands	17.0	1.0	0	71.643586
5	2	VR_Hands	15.0	0.990654	1	79.717052
5	3	VR_Hands	19.0	1.0	0	70.782205
5	4	VR_Hands	31.0	0.991525	1	43.883029
5	5	VR_Hands	14.0	0.992126	1	104.805359
5	6	VR_Hands	19.0	1.0	0	80.259809
5	7	VR_Hands	18.0	1.0	0	84.367675
5	8	VR_Hands	18.0	0.992424	1	86.415473
5	9	VR_Hands	16.0	0.992958	1	101.381982
5	10	VR_Hands	25.0	0.983333	2	52.456265
6	1	VR_Hands	17.0	1.0	0	71.643586
6	2	VR_Hands	15.0	0.990654	1	79.717052
6	3	VR_Hands	19.0	1.0	0	70.782205
6	4	VR_Hands	31.0	0.991525	1	43.883029
6	5	VR_Hands	14.0	0.992126	1	104.805359
6	6	VR_Hands	19.0	1.0	0	80.259809
6	7	VR_Hands	18.0	1.0	0	84.367675
6	8	VR_Hands	18.0	0.992424	1	86.415473
6	9	VR_Hands	16.0	0.992958	1	101.381982
6	10	VR_Hands	25.0	0.983333	2	52.456265
6	1	VR_Hands	21.0	0.971154	3	51.467294
6	2	VR_Hands	0.0	0.757009	26	75.236424
6	3	VR_Hands	0.0	0.580357	47	66.615844
6	4	VR_Hands	0.0	0.635593	43	39.273344
6	5	VR_Hands	0.0	0.425197	73	48.768702
6	6	VR_Hands	0.0	0.669291	42	55.184863
6	7	VR_Hands	0.0	0.65873	43	40.719962
6	8	VR_Hands	0.0	0.659091	45	47.795904
6	9	VR_Hands	0.0	0.697183	43	50.473886
6	10	VR_Hands	0.0	0.533333	56	37.175694
7	1	VR_Hands	21.0	0.971154	3	51.467294
7	2	VR_Hands	0.0	0.757009	26	75.236424
7	3	VR_Hands	0.0	0.580357	47	66.615844
7	4	VR_Hands	0.0	0.635593	43	39.273344
7	5	VR_Hands	0.0	0.425197	73	48.768702
7	6	VR_Hands	0.0	0.669291	42	55.184863
7	7	VR_Hands	0.0	0.65873	43	40.719962
7	8	VR_Hands	0.0	0.659091	45	47.795904
7	9	VR_Hands	0.0	0.697183	43	50.473886
7	10	VR_Hands	0.0	0.533333	56	37.175694
7	1	VR_Hands	75.0	1.0	0	16.677699
7	2	VR_Hands	75.0	0.990654	1	16.426527
7	3	VR_Hands	93.0	1.0	0	14.395169
7	4	VR_Hands	89.0	1.0	0	15.981742
7	5	VR_Hands	80.0	1.0	0	19.156453
7	6	VR_Hands	71.0	1.0	0	21.466855
7	7	VR_Hands	90.0	1.0	0	16.748348
7	8	VR_Hands	83.0	1.0	0	19.114254
7	9	VR_Hands	72.0	1.0	0	23.778817
7	10	VR_Hands	79.0	1.0	0	18.334332
8	1	VR_Hands	75.0	1.0	0	16.677699
8	2	VR_Hands	75.0	0.990654	1	16.426527
8	3	VR_Hands	93.0	1.0	0	14.395169
8	4	VR_Hands	89.0	1.0	0	15.981742
8	5	VR_Hands	80.0	1.0	0	19.156453
8	6	VR_Hands	71.0	1.0	0	21.466855
8	7	VR_Hands	90.0	1.0	0	16.748348
8	8	VR_Hands	83.0	1.0	0	19.114254
8	9	VR_Hands	72.0	1.0	0	23.778817
8	10	VR_Hands	79.0	1.0	0	18.334332
8	1	VR_Hands	49.0	0.989796	1	22.956713
8	2	VR_Hands	51.0	1.0	0	26.619322
8	3	VR_Hands	48.0	1.0	0	29.236417
8	4	VR_Hands	49.0	1.0	0	28.150727
8	5	VR_Hands	49.0	1.0	0	29.626312
8	6	VR_Hands	32.0	0.992126	1	46.025521
8	7	VR_Hands	50.0	0.992481	1	30.684178
8	8	VR_Hands	41.0	1.0	0	37.01907
8	9	VR_Hands	33.0	1.0	0	50.635054
9	1	VR_Hands	49.0	0.989796	1	22.956713
9	2	VR_Hands	51.0	1.0	0	26.619322
9	3	VR_Hands	48.0	1.0	0	29.236417
9	4	VR_Hands	49.0	1.0	0	28.150727
9	5	VR_Hands	49.0	1.0	0	29.626312
9	6	VR_Hands	32.0	0.992126	1	46.025521
9	7	VR_Hands	50.0	0.992481	1	30.684178
9	8	VR_Hands	41.0	1.0	0	37.01907
9	9	VR_Hands	33.0	1.0	0	50.635054
9	10	VR_Hands	49.0	1.0	0	29.765121
9	1	VR_Hands	11.0	0.980769	2	99.095578
9	2	VR_Hands	45.0	0.971963	3	24.488793
9	3	VR_Hands	47.0	0.991071	1	27.217048
9	4	VR_Hands	49.0	1.0	0	28.860774
9	5	VR_Hands	54.0	1.0	0	28.094595
9	6	VR_Hands	41.0	0.976378	3	32.716935
9	7	VR_Hands	4.0	0.81746	23	31.700274
9	8	VR_Hands	3.0	0.818182	24	45.441716
9	9	VR_Hands	0.0	0.619718	54	39.162433
9	10	VR_Hands	33.0	0.983333	2	40.081687
10	1	VR_Hands	11.0	0.980769	2	99.095578
10	2	VR_Hands	45.0	0.971963	3	24.488793
10	3	VR_Hands	47.0	0.991071	1	27.217048
10	4	VR_Hands	49.0	1.0	0	28.860774
10	5	VR_Hands	54.0	1.0	0	28.094595
10	6	VR_Hands	41.0	0.976378	3	32.716935
10	7	VR_Hands	4.0	0.81746	23	31.700274
10	8	VR_Hands	3.0	0.818182	24	45.441716
10	9	VR_Hands	0.0	0.619718	54	39.162433
10	10	VR_Hands	33.0	0.983333	2	40.081687
10	1	VR_Hands	46.0	0.989796	1	24.361149
10	2	VR_Hands	52.0	0.991228	1	25.031021
10	3	VR_Hands	53.0	1.0	0	26.131281
10	4	VR_Hands	63.0	1.0	0	22.133226
10	5	VR_Hands	58.0	1.0	0	25.198283
10	6	VR_Hands	52.0	1.0	0	29.194401
10	7	VR_Hands	50.0	1.0	0	31.783906
10	8	VR_Hands	61.0	1.0	0	25.211536
10	9	VR_Hands	53.0	1.0	0	31.686895
10	10	VR_Hands	55.0	0.983471	2	24.042644
11	1	VR_Hands	46.0	0.989796	1	24.361149
11	2	VR_Hands	52.0	0.991228	1	25.031021
11	3	VR_Hands	53.0	1.0	0	26.131281
11	4	VR_Hands	63.0	1.0	0	22.133226
11	5	VR_Hands	58.0	1.0	0	25.198283
11	6	VR_Hands	52.0	1.0	0	29.194401
11	7	VR_Hands	50.0	1.0	0	31.783906
11	8	VR_Hands	61.0	1.0	0	25.211536
11	9	VR_Hands	53.0	1.0	0	31.686895
11	10	VR_Hands	55.0	0.983471	2	24.042644
11	1	VR_Hands	17.0	1.0	0	67.207327
11	2	VR_Hands	0.0	0.692982	35	56.931198
11	3	VR_Hands	2.0	0.810345	22	36.032908
11	4	VR_Hands	14.0	0.862069	16	30.783261
11	5	VR_Hands	58.0	0.991803	1	24.30984
11	6	VR_Hands	27.0	0.984252	2	51.126374
11	7	VR_Hands	39.0	0.984962	2	37.787321
11	8	VR_Hands	32.0	0.9375	8	32.66317
11	9	VR_Hands	47.0	0.985714	2	33.039576
11	10	VR_Hands	59.0	0.991736	1	23.544082
12	1	VR_Hands	17.0	1.0	0	67.207327
12	2	VR_Hands	0.0	0.692982	35	56.931198
12	3	VR_Hands	2.0	0.810345	22	36.032908
12	4	VR_Hands	14.0	0.862069	16	30.783261
12	5	VR_Hands	58.0	0.991803	1	24.30984
12	6	VR_Hands	27.0	0.984252	2	51.126374
12	7	VR_Hands	39.0	0.984962	2	37.787321
12	8	VR_Hands	32.0	0.9375	8	32.66317
12	9	VR_Hands	47.0	0.985714	2	33.039576
12	10	VR_Hands	59.0	0.991736	1	23.544082
12	1	VR_Hands	0.0	0.295918	69	177.871258
12	2	VR_Hands	0.0	0.22807	88	167.069336
12	3	VR_Hands	0.0	0.344828	76	208.167867
12	4	VR_Hands	0.0	0.318966	79	126.416637
12	5	VR_Hands	0.0	0.47541	64	179.858056
12	6	VR_Hands	0.0	0.125984	111	97.759663
12	7	VR_Hands	0.0	0.112782	118	151.102585
12	8	VR_Hands	0.0	0.210938	101	162.723556
